19
1
2
3
4
5
6
7
8
9
10
11
12
13
14
15
16
17
18
19
1 4 0.107222618982492
1 5 0.0894700954537289
1 6 0.0536464648291745
1 8 0.00723465693557214
1 12 0.0103687314328241
1 13 0.0119984549371699
1 16 0.0171867874693831
1 19 0.0690224308156749
3 4 0.0250825134820947
3 5 0.0119943216578224
3 6 0.03968444293462
3 7 0.047772194169504
3 10 0.0436496263364127
3 17 0.0250825134820947
3 19 0.0151510995783582
4 5 0.273758241743881
4 6 0.0236544294423706
4 7 0.0165792978452224
4 8 0.0237790565511651
4 10 0.00293324882228501
4 12 0.0184680133302274
4 13 0.0091310117521284
4 14 0.00716326731269918
4 15 0.00293324882228501
4 16 0.00980126131113608
4 18 0.0723939163354348
4 19 0.0574714657338145
5 6 0.0395267304108009
5 7 0.0266914799057937
5 8 0.0292241619974534
5 10 0.0112381278014005
5 12 0.0077045170269294
5 13 0.0183008167429437
5 15 0.0122263023332594
5 16 0.00832125988548364
5 18 0.116594887981452
5 19 0.0700739801757193
6 10 0.0116687880733354
6 15 0.065095028221885
6 16 0.0574604258729912
6 18 0.0577097425362282
7 10 0.122188129179187
7 17 0.162888310426049
8 15 0.0193328257469929
8 18 0.0306229039675069
8 19 0.076108542103134
10 11 0.0100504917160349
10 12 0.0357681315168485
10 14 0.0146546119390901
10 15 0.0211883243798789
10 16 0.0285664869387843
10 17 0.0100504917160349
10 18 0.0569036927618217
10 19 0.043304596773417
12 13 0.0147370039798971
12 14 0.0424767315958643
12 15 0.0673717701639437
12 16 0.00777735059171918
12 17 0.0232073911613253
12 18 0.00589409767438766
12 19 0.00078757847583512
13 15 0.0708477634934973
14 15 0.0473057147783568
14 16 0.070389327891398
14 19 0.0435246809357693
15 18 0.00600962563727605
16 18 0.00572401992674599
16 19 0.115268304910234
18 19 0.162668522102492
