-50 12 -40
-48 8 -34
54 -4 -28
-56 -4 -28
58 2 -28
52 0 -30
48 2 -28
-44 0 -28
-50 2 -28
-54 0 -28
52 6 -28
48 6 -28
-50 8 -28
-54 8 -30
52 14 -28
48 12 -28
52 -30 -22
-62 -16 -22
-56 -10 -22
-60 -10 -22
-66 -12 -22
64 -4 -22
60 -4 -24
54 -4 -24
-44 -4 -22
-50 -4 -22
-56 -6 -22
-60 -6 -22
64 0 -22
58 2 -22
52 2 -22
48 2 -24
-44 0 -24
-50 2 -22
-54 2 -22
58 6 -22
52 8 -22
48 8 -22
-50 6 -24
-54 8 -22
52 12 -22
48 12 -22
-48 12 -24
-54 12 -24
-56 -34 -16
52 -30 -16
-56 -16 -16
-62 -16 -16
-56 -12 -16
-62 -10 -16
-66 -10 -16
64 -4 -16
58 -4 -16
-50 -6 -16
-56 -6 -16
-62 -4 -16
64 0 -18
58 2 -16
54 2 -18
58 8 -16
54 8 -18
48 8 -18
58 12 -16
54 12 -18
-44 32 -16
-48 30 -16
46 38 -18
-50 -42 -10
-56 -40 -10
-62 -40 -10
-50 -34 -10
-56 -34 -10
-60 -36 -12
52 -30 -12
-50 -28 -10
-56 -28 -10
-62 -28 -12
-56 -22 -10
-60 -22 -12
-50 -18 -10
-56 -16 -10
-62 -16 -10
-50 -10 -10
-56 -10 -10
-62 -10 -10
-66 -10 -10
64 -6 -10
60 -4 -10
54 -4 -10
-50 -4 -10
-56 -6 -10
-62 -4 -10
-66 -6 -10
64 0 -12
60 0 -12
-56 0 -10
60 6 -12
-54 18 -10
-44 26 -10
-50 26 -10
-54 26 -10
-44 30 -10
-50 32 -10
-38 38 -12
-42 36 -12
-44 -54 -4
-50 -52 -4
-54 -52 -4
-62 -52 -4
-66 -52 -4
-50 -48 -4
-56 -46 -4
-62 -46 -4
-66 -46 -4
-50 -40 -4
-56 -40 -4
-62 -40 -4
-66 -42 -4
54 -34 -4
-44 -34 -4
-50 -34 -4
-56 -34 -4
-62 -34 -4
-66 -34 -6
52 -28 -4
-50 -30 -6
-56 -28 -4
-60 -28 -6
-66 -30 -6
54 -24 -4
-54 -22 -6
-60 -22 -6
-50 -16 -6
-56 -16 -4
-62 -16 -4
64 -10 -4
60 -10 -4
-50 -10 -6
-56 -10 -4
-62 -10 -4
-66 -10 -6
64 -6 -4
58 -4 -4
54 -6 -4
-50 -6 -6
-56 -4 -4
-60 -6 -6
-66 -6 -6
-44 20 -6
-48 20 -4
-54 20 -4
-44 26 -4
-50 26 -4
-54 26 -4
-44 32 -4
-50 30 -4
-56 32 -4
-42 36 -4
-50 -58 0
-56 -58 2
-60 -58 2
-44 -54 2
-50 -52 2
-56 -52 2
-62 -52 2
-66 -52 2
-50 -46 2
-56 -46 2
-62 -46 2
-68 -46 2
-50 -40 2
-56 -40 2
-62 -40 2
-66 -42 0
58 -34 2
54 -36 2
-44 -34 0
-50 -34 2
-56 -34 2
-60 -36 0
58 -30 0
52 -30 0
-50 -30 0
-54 -30 2
-60 -30 0
52 -24 0
64 -16 0
-56 -16 0
-62 -16 2
64 -12 0
60 -10 0
54 -12 0
-56 -10 2
-60 -12 0
64 -6 2
60 -6 0
-56 -6 0
-60 -6 0
-50 0 0
-48 20 2
-54 20 0
-44 26 2
-50 26 2
-56 26 2
-44 32 2
-50 32 2
-56 32 2
-44 36 2
-50 38 2
-54 36 2
-48 -58 8
-56 -58 6
-60 -58 8
-44 -54 8
-50 -52 8
-56 -52 8
-62 -52 8
-44 -46 8
-50 -46 8
-56 -46 8
-62 -46 8
-66 -48 6
-44 -42 8
-50 -40 8
-56 -40 8
-60 -42 6
54 -36 6
-44 -36 8
-50 -34 8
-56 -34 8
52 -28 6
-50 -30 6
-54 -30 6
54 -24 6
-62 -18 6
-50 14 8
-44 20 8
-50 20 8
-54 20 8
-44 26 8
-50 26 8
-56 26 6
-44 32 8
-50 32 8
-56 32 8
-44 36 6
-50 38 8
-54 36 6
-50 -58 12
-54 -58 12
-60 -58 12
-44 -54 14
-50 -52 14
-56 -52 14
-62 -52 14
-50 -46 14
-56 -46 14
-60 -48 12
-48 -40 12
-56 -40 14
-60 -42 12
-44 -36 12
-50 -36 12
-54 -36 12
-44 14 14
-50 14 14
-54 14 14
-36 20 12
-44 20 12
-50 20 14
-56 20 14
-60 18 12
-44 26 14
-50 26 14
-54 26 14
-44 30 12
-50 32 14
-54 32 14
-48 36 12
-54 36 14
-50 -64 20
-42 -58 20
-50 -58 20
-54 -58 20
-44 -54 18
-50 -52 20
-54 -52 18
-60 -52 18
-50 -48 18
-56 -48 18
-48 8 20
-54 8 20
-44 14 20
-50 14 20
-56 14 20
-60 14 20
-44 20 20
-50 20 20
-56 20 20
-60 20 20
-44 24 18
-50 26 20
-56 26 20
-50 30 18
-54 30 18
-44 -64 24
-42 -60 24
-48 -58 24
-44 -54 24
-50 -52 24
-54 -54 24
-44 8 26
-50 8 26
-54 8 26
-44 14 26
-50 14 26
-56 14 26
-60 14 24
-44 18 24
-50 20 26
-56 20 26
-50 24 24
-54 24 24
-50 8 30
-54 8 30
-44 12 30
-50 12 30
-54 12 30
-50 20 30
-54 18 30
-38 2 44
-42 2 44
-32 8 44
-36 6 44
-42 8 44
-44 -4 50
-38 2 48
-42 0 48
-50 2 48
-38 8 50
-44 8 50
-48 6 50
-38 12 50
-42 12 50
-38 6 54
-42 6 54
-42 12 54
